02.544987819486967291215951e-03  3.499999999999999964438169e-04  3.141623755741008716668716e-01  2.411974554719101604405296e+00  3.536277629289606098256238e-03  5.500000000000000331332184e-04  9.037242595500949438047655e-01  2.010523014026026178413531e+00  3.215368134661809179641878e-03  7.500000000000000156125113e-04  4.729631992658180017485847e+00  2.050371082354918161883006e+00  2.159335926409084501637059e-03  9.499999999999999980918042e-04  9.847764800243288263459362e-01  4.269221364115116656989812e-02  1.866682633504456942374894e-03  1.149999999999999980571097e-03  2.483503952972170303326038e+00  8.907126589378372427674435e-01  

0.0001-7.452715756373848795548163e-06  3.499999999999999964438169e-04  3.141623755741008716668716e-01  2.411974554719101604405296e+00  6.637215578934596776962280e+08  5.500000000000000331332184e-04  9.037242595500949438047655e-01  2.010523014026026178413531e+00  2.050371082354544682857522e+00  7.500000000000000156125113e-04  4.729631992658180017485847e+00  2.050371082354918161883006e+00  2.159335926409084501637059e-03  9.499999999999999980918042e-04  9.847764800243288263459362e-01  4.269221364115116656989812e-02  1.866682633504456942374894e-03  1.149999999999999980571097e-03  2.483503952972170303326038e+00  8.907126589378372427674435e-01  

0.00022.411907352275410865161120e+00  3.499999999999999964438169e-04  3.141623755741008716668716e-01  2.411974554719101604405296e+00  2.010479916227804864092832e+00  5.500000000000000331332184e-04  9.037242595500949438047655e-01  2.010523014026026178413531e+00  2.050247769113918927530449e+00  7.500000000000000156125113e-04  4.729631992658180017485847e+00  2.050371082354918161883006e+00  2.159335926409084501637059e-03  9.499999999999999980918042e-04  9.847764800243288263459362e-01  4.269221364115116656989812e-02  1.866682633504456942374894e-03  1.149999999999999980571097e-03  2.483503952972170303326038e+00  8.907126589378372427674435e-01  

0.00032.411907348233687464755803e+00  3.499999999999999964438169e-04  3.141623755741008716668716e-01  2.411974554719101604405296e+00  2.010479916227732477551626e+00  5.500000000000000331332184e-04  9.037242595500949438047655e-01  2.010523014026026178413531e+00  2.050247769113919371619659e+00  7.500000000000000156125113e-04  4.729631992658180017485847e+00  2.050371082354918161883006e+00  2.159335926409084501637059e-03  9.499999999999999980918042e-04  9.847764800243288263459362e-01  4.269221364115116656989812e-02  1.866682633504456942374894e-03  1.149999999999999980571097e-03  2.483503952972170303326038e+00  8.907126589378372427674435e-01  

0.00042.411907348233687464755803e+00  3.499999999999999964438169e-04  3.141623755741008716668716e-01  2.411974554719101604405296e+00  2.010479916227732477551626e+00  5.500000000000000331332184e-04  9.037242595500949438047655e-01  2.010523014026026178413531e+00  2.050247769113919371619659e+00  7.500000000000000156125113e-04  4.729631992658180017485847e+00  2.050371082354918161883006e+00  2.159335926409084501637059e-03  9.499999999999999980918042e-04  9.847764800243288263459362e-01  4.269221364115116656989812e-02  1.866682633504456942374894e-03  1.149999999999999980571097e-03  2.483503952972170303326038e+00  8.907126589378372427674435e-01  

0.00052.411907348233687464755803e+00  3.499999999999999964438169e-04  3.141623755741008716668716e-01  2.411974554719101604405296e+00  2.010479916227732477551626e+00  5.500000000000000331332184e-04  9.037242595500949438047655e-01  2.010523014026026178413531e+00  2.050247769113919371619659e+00  7.500000000000000156125113e-04  4.729631992658180017485847e+00  2.050371082354918161883006e+00  2.159335926409084501637059e-03  9.499999999999999980918042e-04  9.847764800243288263459362e-01  4.269221364115116656989812e-02  1.866682633504456942374894e-03  1.149999999999999980571097e-03  2.483503952972170303326038e+00  8.907126589378372427674435e-01  

0.00062.411907348233687464755803e+00  3.499999999999999964438169e-04  3.141623755741008716668716e-01  2.411974554719101604405296e+00  2.010479916227732477551626e+00  5.500000000000000331332184e-04  9.037242595500949438047655e-01  2.010523014026026178413531e+00  2.050247769113919371619659e+00  7.500000000000000156125113e-04  4.729631992658180017485847e+00  2.050371082354918161883006e+00  2.159335926409084501637059e-03  9.499999999999999980918042e-04  9.847764800243288263459362e-01  4.269221364115116656989812e-02  1.866682633504456942374894e-03  1.149999999999999980571097e-03  2.483503952972170303326038e+00  8.907126589378372427674435e-01  

0.00072.411907348233687464755803e+00  3.499999999999999964438169e-04  3.141623755741008716668716e-01  2.411974554719101604405296e+00  2.010479916227732477551626e+00  5.500000000000000331332184e-04  9.037242595500949438047655e-01  2.010523014026026178413531e+00  2.050247769113919371619659e+00  7.500000000000000156125113e-04  4.729631992658180017485847e+00  2.050371082354918161883006e+00  2.159335926409084501637059e-03  9.499999999999999980918042e-04  9.847764800243288263459362e-01  4.269221364115116656989812e-02  1.866682633504456942374894e-03  1.149999999999999980571097e-03  2.483503952972170303326038e+00  8.907126589378372427674435e-01  

0.00082.411907348233687464755803e+00  3.499999999999999964438169e-04  3.141623755741008716668716e-01  2.411974554719101604405296e+00  2.010479916227732477551626e+00  5.500000000000000331332184e-04  9.037242595500949438047655e-01  2.010523014026026178413531e+00  2.050247769113919371619659e+00  7.500000000000000156125113e-04  4.729631992658180017485847e+00  2.050371082354918161883006e+00  2.159335926409084501637059e-03  9.499999999999999980918042e-04  9.847764800243288263459362e-01  4.269221364115116656989812e-02  1.866682633504456942374894e-03  1.149999999999999980571097e-03  2.483503952972170303326038e+00  8.907126589378372427674435e-01  

0.00092.411907348233687464755803e+00  3.499999999999999964438169e-04  3.141623755741008716668716e-01  2.411974554719101604405296e+00  2.010479916227732477551626e+00  5.500000000000000331332184e-04  9.037242595500949438047655e-01  2.010523014026026178413531e+00  2.050247769113919371619659e+00  7.500000000000000156125113e-04  4.729631992658180017485847e+00  2.050371082354918161883006e+00  2.159335926409084501637059e-03  9.499999999999999980918042e-04  9.847764800243288263459362e-01  4.269221364115116656989812e-02  1.866682633504456942374894e-03  1.149999999999999980571097e-03  2.483503952972170303326038e+00  8.907126589378372427674435e-01  

0.0012.411907348233687464755803e+00  3.499999999999999964438169e-04  3.141623755741008716668716e-01  2.411974554719101604405296e+00  2.010479916227732477551626e+00  5.500000000000000331332184e-04  9.037242595500949438047655e-01  2.010523014026026178413531e+00  2.050247769113919371619659e+00  7.500000000000000156125113e-04  4.729631992658180017485847e+00  2.050371082354918161883006e+00  2.159335926409084501637059e-03  9.499999999999999980918042e-04  9.847764800243288263459362e-01  4.269221364115116656989812e-02  1.866682633504456942374894e-03  1.149999999999999980571097e-03  2.483503952972170303326038e+00  8.907126589378372427674435e-01  

0.00112.411907348233687464755803e+00  3.499999999999999964438169e-04  3.141623755741008716668716e-01  2.411974554719101604405296e+00  2.010479916227732477551626e+00  5.500000000000000331332184e-04  9.037242595500949438047655e-01  2.010523014026026178413531e+00  2.050247769113919371619659e+00  7.500000000000000156125113e-04  4.729631992658180017485847e+00  2.050371082354918161883006e+00  2.159335926409084501637059e-03  9.499999999999999980918042e-04  9.847764800243288263459362e-01  4.269221364115116656989812e-02  1.866682633504456942374894e-03  1.149999999999999980571097e-03  2.483503952972170303326038e+00  8.907126589378372427674435e-01  

0.00122.411907348233687464755803e+00  3.499999999999999964438169e-04  3.141623755741008716668716e-01  2.411974554719101604405296e+00  2.010479916227732477551626e+00  5.500000000000000331332184e-04  9.037242595500949438047655e-01  2.010523014026026178413531e+00  2.050247769113919371619659e+00  7.500000000000000156125113e-04  4.729631992658180017485847e+00  2.050371082354918161883006e+00  2.159335926409084501637059e-03  9.499999999999999980918042e-04  9.847764800243288263459362e-01  4.269221364115116656989812e-02  1.866682633504456942374894e-03  1.149999999999999980571097e-03  2.483503952972170303326038e+00  8.907126589378372427674435e-01  

0.00132.411907348233687464755803e+00  3.499999999999999964438169e-04  3.141623755741008716668716e-01  2.411974554719101604405296e+00  2.010479916227732477551626e+00  5.500000000000000331332184e-04  9.037242595500949438047655e-01  2.010523014026026178413531e+00  2.050247769113919371619659e+00  7.500000000000000156125113e-04  4.729631992658180017485847e+00  2.050371082354918161883006e+00  2.159335926409084501637059e-03  9.499999999999999980918042e-04  9.847764800243288263459362e-01  4.269221364115116656989812e-02  1.866682633504456942374894e-03  1.149999999999999980571097e-03  2.483503952972170303326038e+00  8.907126589378372427674435e-01  

0.00142.411907348233687464755803e+00  3.499999999999999964438169e-04  3.141623755741008716668716e-01  2.411974554719101604405296e+00  2.010479916227732477551626e+00  5.500000000000000331332184e-04  9.037242595500949438047655e-01  2.010523014026026178413531e+00  2.050247769113919371619659e+00  7.500000000000000156125113e-04  4.729631992658180017485847e+00  2.050371082354918161883006e+00  2.159335926409084501637059e-03  9.499999999999999980918042e-04  9.847764800243288263459362e-01  4.269221364115116656989812e-02  1.866682633504456942374894e-03  1.149999999999999980571097e-03  2.483503952972170303326038e+00  8.907126589378372427674435e-01  

0.00152.411907348233687464755803e+00  3.499999999999999964438169e-04  3.141623755741008716668716e-01  2.411974554719101604405296e+00  2.010479916227732477551626e+00  5.500000000000000331332184e-04  9.037242595500949438047655e-01  2.010523014026026178413531e+00  2.050247769113919371619659e+00  7.500000000000000156125113e-04  4.729631992658180017485847e+00  2.050371082354918161883006e+00  2.159335926409084501637059e-03  9.499999999999999980918042e-04  9.847764800243288263459362e-01  4.269221364115116656989812e-02  1.866682633504456942374894e-03  1.149999999999999980571097e-03  2.483503952972170303326038e+00  8.907126589378372427674435e-01  

0.00162.411907348233687464755803e+00  3.499999999999999964438169e-04  3.141623755741008716668716e-01  2.411974554719101604405296e+00  2.010479916227732477551626e+00  5.500000000000000331332184e-04  9.037242595500949438047655e-01  2.010523014026026178413531e+00  2.050247769113919371619659e+00  7.500000000000000156125113e-04  4.729631992658180017485847e+00  2.050371082354918161883006e+00  2.159335926409084501637059e-03  9.499999999999999980918042e-04  9.847764800243288263459362e-01  4.269221364115116656989812e-02  1.866682633504456942374894e-03  1.149999999999999980571097e-03  2.483503952972170303326038e+00  8.907126589378372427674435e-01  

0.00172.411907348233687464755803e+00  3.499999999999999964438169e-04  3.141623755741008716668716e-01  2.411974554719101604405296e+00  2.010479916227732477551626e+00  5.500000000000000331332184e-04  9.037242595500949438047655e-01  2.010523014026026178413531e+00  2.050247769113919371619659e+00  7.500000000000000156125113e-04  4.729631992658180017485847e+00  2.050371082354918161883006e+00  2.159335926409084501637059e-03  9.499999999999999980918042e-04  9.847764800243288263459362e-01  4.269221364115116656989812e-02  1.866682633504456942374894e-03  1.149999999999999980571097e-03  2.483503952972170303326038e+00  8.907126589378372427674435e-01  

0.00182.411907348233687464755803e+00  3.499999999999999964438169e-04  3.141623755741008716668716e-01  2.411974554719101604405296e+00  2.010479916227732477551626e+00  5.500000000000000331332184e-04  9.037242595500949438047655e-01  2.010523014026026178413531e+00  2.050247769113919371619659e+00  7.500000000000000156125113e-04  4.729631992658180017485847e+00  2.050371082354918161883006e+00  2.159335926409084501637059e-03  9.499999999999999980918042e-04  9.847764800243288263459362e-01  4.269221364115116656989812e-02  1.866682633504456942374894e-03  1.149999999999999980571097e-03  2.483503952972170303326038e+00  8.907126589378372427674435e-01  

0.00192.411907348233687464755803e+00  3.499999999999999964438169e-04  3.141623755741008716668716e-01  2.411974554719101604405296e+00  2.010479916227732477551626e+00  5.500000000000000331332184e-04  9.037242595500949438047655e-01  2.010523014026026178413531e+00  2.050247769113919371619659e+00  7.500000000000000156125113e-04  4.729631992658180017485847e+00  2.050371082354918161883006e+00  2.159335926409084501637059e-03  9.499999999999999980918042e-04  9.847764800243288263459362e-01  4.269221364115116656989812e-02  1.866682633504456942374894e-03  1.149999999999999980571097e-03  2.483503952972170303326038e+00  8.907126589378372427674435e-01  

0.0022.411907348233687464755803e+00  3.499999999999999964438169e-04  3.141623755741008716668716e-01  2.411974554719101604405296e+00  2.010479916227732477551626e+00  5.500000000000000331332184e-04  9.037242595500949438047655e-01  2.010523014026026178413531e+00  2.050247769113919371619659e+00  7.500000000000000156125113e-04  4.729631992658180017485847e+00  2.050371082354918161883006e+00  2.159335926409084501637059e-03  9.499999999999999980918042e-04  9.847764800243288263459362e-01  4.269221364115116656989812e-02  1.866682633504456942374894e-03  1.149999999999999980571097e-03  2.483503952972170303326038e+00  8.907126589378372427674435e-01  

0.00212.411907348233687464755803e+00  3.499999999999999964438169e-04  3.141623755741008716668716e-01  2.411974554719101604405296e+00  2.010479916227732477551626e+00  5.500000000000000331332184e-04  9.037242595500949438047655e-01  2.010523014026026178413531e+00  2.050247769113919371619659e+00  7.500000000000000156125113e-04  4.729631992658180017485847e+00  2.050371082354918161883006e+00  2.159335926409084501637059e-03  9.499999999999999980918042e-04  9.847764800243288263459362e-01  4.269221364115116656989812e-02  1.866682633504456942374894e-03  1.149999999999999980571097e-03  2.483503952972170303326038e+00  8.907126589378372427674435e-01  

0.00222.411907348233687464755803e+00  3.499999999999999964438169e-04  3.141623755741008716668716e-01  2.411974554719101604405296e+00  2.010479916227732477551626e+00  5.500000000000000331332184e-04  9.037242595500949438047655e-01  2.010523014026026178413531e+00  2.050247769113919371619659e+00  7.500000000000000156125113e-04  4.729631992658180017485847e+00  2.050371082354918161883006e+00  2.159335926409084501637059e-03  9.499999999999999980918042e-04  9.847764800243288263459362e-01  4.269221364115116656989812e-02  1.866682633504456942374894e-03  1.149999999999999980571097e-03  2.483503952972170303326038e+00  8.907126589378372427674435e-01  

0.00232.411907348233687464755803e+00  3.499999999999999964438169e-04  3.141623755741008716668716e-01  2.411974554719101604405296e+00  2.010479916227732477551626e+00  5.500000000000000331332184e-04  9.037242595500949438047655e-01  2.010523014026026178413531e+00  2.050247769113919371619659e+00  7.500000000000000156125113e-04  4.729631992658180017485847e+00  2.050371082354918161883006e+00  2.159335926409084501637059e-03  9.499999999999999980918042e-04  9.847764800243288263459362e-01  4.269221364115116656989812e-02  1.866682633504456942374894e-03  1.149999999999999980571097e-03  2.483503952972170303326038e+00  8.907126589378372427674435e-01  

0.00242.411907348233687464755803e+00  3.499999999999999964438169e-04  3.141623755741008716668716e-01  2.411974554719101604405296e+00  2.010479916227732477551626e+00  5.500000000000000331332184e-04  9.037242595500949438047655e-01  2.010523014026026178413531e+00  2.050247769113919371619659e+00  7.500000000000000156125113e-04  4.729631992658180017485847e+00  2.050371082354918161883006e+00  2.159335926409084501637059e-03  9.499999999999999980918042e-04  9.847764800243288263459362e-01  4.269221364115116656989812e-02  1.866682633504456942374894e-03  1.149999999999999980571097e-03  2.483503952972170303326038e+00  8.907126589378372427674435e-01  

0.00252.411907348233687464755803e+00  3.499999999999999964438169e-04  3.141623755741008716668716e-01  2.411974554719101604405296e+00  2.010479916227732477551626e+00  5.500000000000000331332184e-04  9.037242595500949438047655e-01  2.010523014026026178413531e+00  2.050247769113919371619659e+00  7.500000000000000156125113e-04  4.729631992658180017485847e+00  2.050371082354918161883006e+00  2.159335926409084501637059e-03  9.499999999999999980918042e-04  9.847764800243288263459362e-01  4.269221364115116656989812e-02  1.866682633504456942374894e-03  1.149999999999999980571097e-03  2.483503952972170303326038e+00  8.907126589378372427674435e-01  

0.00262.411907348233687464755803e+00  3.499999999999999964438169e-04  3.141623755741008716668716e-01  2.411974554719101604405296e+00  2.010479916227732477551626e+00  5.500000000000000331332184e-04  9.037242595500949438047655e-01  2.010523014026026178413531e+00  2.050247769113919371619659e+00  7.500000000000000156125113e-04  4.729631992658180017485847e+00  2.050371082354918161883006e+00  2.159335926409084501637059e-03  9.499999999999999980918042e-04  9.847764800243288263459362e-01  4.269221364115116656989812e-02  1.866682633504456942374894e-03  1.149999999999999980571097e-03  2.483503952972170303326038e+00  8.907126589378372427674435e-01  

0.00272.411907348233687464755803e+00  3.499999999999999964438169e-04  3.141623755741008716668716e-01  2.411974554719101604405296e+00  2.010479916227732477551626e+00  5.500000000000000331332184e-04  9.037242595500949438047655e-01  2.010523014026026178413531e+00  2.050247769113919371619659e+00  7.500000000000000156125113e-04  4.729631992658180017485847e+00  2.050371082354918161883006e+00  2.159335926409084501637059e-03  9.499999999999999980918042e-04  9.847764800243288263459362e-01  4.269221364115116656989812e-02  1.866682633504456942374894e-03  1.149999999999999980571097e-03  2.483503952972170303326038e+00  8.907126589378372427674435e-01  

0.00282.411907348233687464755803e+00  3.499999999999999964438169e-04  3.141623755741008716668716e-01  2.411974554719101604405296e+00  2.010479916227732477551626e+00  5.500000000000000331332184e-04  9.037242595500949438047655e-01  2.010523014026026178413531e+00  2.050247769113919371619659e+00  7.500000000000000156125113e-04  4.729631992658180017485847e+00  2.050371082354918161883006e+00  2.159335926409084501637059e-03  9.499999999999999980918042e-04  9.847764800243288263459362e-01  4.269221364115116656989812e-02  1.866682633504456942374894e-03  1.149999999999999980571097e-03  2.483503952972170303326038e+00  8.907126589378372427674435e-01  

0.00292.411907348233687464755803e+00  3.499999999999999964438169e-04  3.141623755741008716668716e-01  2.411974554719101604405296e+00  2.010479916227732477551626e+00  5.500000000000000331332184e-04  9.037242595500949438047655e-01  2.010523014026026178413531e+00  2.050247769113919371619659e+00  7.500000000000000156125113e-04  4.729631992658180017485847e+00  2.050371082354918161883006e+00  2.159335926409084501637059e-03  9.499999999999999980918042e-04  9.847764800243288263459362e-01  4.269221364115116656989812e-02  1.866682633504456942374894e-03  1.149999999999999980571097e-03  2.483503952972170303326038e+00  8.907126589378372427674435e-01  

0.0032.411907348233687464755803e+00  3.499999999999999964438169e-04  3.141623755741008716668716e-01  2.411974554719101604405296e+00  2.010479916227732477551626e+00  5.500000000000000331332184e-04  9.037242595500949438047655e-01  2.010523014026026178413531e+00  2.050247769113919371619659e+00  7.500000000000000156125113e-04  4.729631992658180017485847e+00  2.050371082354918161883006e+00  2.159335926409084501637059e-03  9.499999999999999980918042e-04  9.847764800243288263459362e-01  4.269221364115116656989812e-02  1.866682633504456942374894e-03  1.149999999999999980571097e-03  2.483503952972170303326038e+00  8.907126589378372427674435e-01  

0.00312.411907348233687464755803e+00  3.499999999999999964438169e-04  3.141623755741008716668716e-01  2.411974554719101604405296e+00  2.010479916227732477551626e+00  5.500000000000000331332184e-04  9.037242595500949438047655e-01  2.010523014026026178413531e+00  2.050247769113919371619659e+00  7.500000000000000156125113e-04  4.729631992658180017485847e+00  2.050371082354918161883006e+00  2.159335926409084501637059e-03  9.499999999999999980918042e-04  9.847764800243288263459362e-01  4.269221364115116656989812e-02  1.866682633504456942374894e-03  1.149999999999999980571097e-03  2.483503952972170303326038e+00  8.907126589378372427674435e-01  

0.00322.411907348233687464755803e+00  3.499999999999999964438169e-04  3.141623755741008716668716e-01  2.411974554719101604405296e+00  2.010479916227732477551626e+00  5.500000000000000331332184e-04  9.037242595500949438047655e-01  2.010523014026026178413531e+00  2.050247769113919371619659e+00  7.500000000000000156125113e-04  4.729631992658180017485847e+00  2.050371082354918161883006e+00  2.159335926409084501637059e-03  9.499999999999999980918042e-04  9.847764800243288263459362e-01  4.269221364115116656989812e-02  1.866682633504456942374894e-03  1.149999999999999980571097e-03  2.483503952972170303326038e+00  8.907126589378372427674435e-01  

0.00332.411907348233687464755803e+00  3.499999999999999964438169e-04  3.141623755741008716668716e-01  2.411974554719101604405296e+00  2.010479916227732477551626e+00  5.500000000000000331332184e-04  9.037242595500949438047655e-01  2.010523014026026178413531e+00  2.050247769113919371619659e+00  7.500000000000000156125113e-04  4.729631992658180017485847e+00  2.050371082354918161883006e+00  2.159335926409084501637059e-03  9.499999999999999980918042e-04  9.847764800243288263459362e-01  4.269221364115116656989812e-02  1.866682633504456942374894e-03  1.149999999999999980571097e-03  2.483503952972170303326038e+00  8.907126589378372427674435e-01  

0.00342.411907348233687464755803e+00  3.499999999999999964438169e-04  3.141623755741008716668716e-01  2.411974554719101604405296e+00  2.010479916227732477551626e+00  5.500000000000000331332184e-04  9.037242595500949438047655e-01  2.010523014026026178413531e+00  2.050247769113919371619659e+00  7.500000000000000156125113e-04  4.729631992658180017485847e+00  2.050371082354918161883006e+00  2.159335926409084501637059e-03  9.499999999999999980918042e-04  9.847764800243288263459362e-01  4.269221364115116656989812e-02  1.866682633504456942374894e-03  1.149999999999999980571097e-03  2.483503952972170303326038e+00  8.907126589378372427674435e-01  

0.00352.411907348233687464755803e+00  3.499999999999999964438169e-04  3.141623755741008716668716e-01  2.411974554719101604405296e+00  2.010479916227732477551626e+00  5.500000000000000331332184e-04  9.037242595500949438047655e-01  2.010523014026026178413531e+00  2.050247769113919371619659e+00  7.500000000000000156125113e-04  4.729631992658180017485847e+00  2.050371082354918161883006e+00  2.159335926409084501637059e-03  9.499999999999999980918042e-04  9.847764800243288263459362e-01  4.269221364115116656989812e-02  1.866682633504456942374894e-03  1.149999999999999980571097e-03  2.483503952972170303326038e+00  8.907126589378372427674435e-01  

0.00362.411907348233687464755803e+00  3.499999999999999964438169e-04  3.141623755741008716668716e-01  2.411974554719101604405296e+00  2.010479916227732477551626e+00  5.500000000000000331332184e-04  9.037242595500949438047655e-01  2.010523014026026178413531e+00  2.050247769113919371619659e+00  7.500000000000000156125113e-04  4.729631992658180017485847e+00  2.050371082354918161883006e+00  2.159335926409084501637059e-03  9.499999999999999980918042e-04  9.847764800243288263459362e-01  4.269221364115116656989812e-02  1.866682633504456942374894e-03  1.149999999999999980571097e-03  2.483503952972170303326038e+00  8.907126589378372427674435e-01  

0.00372.411907348233687464755803e+00  3.499999999999999964438169e-04  3.141623755741008716668716e-01  2.411974554719101604405296e+00  2.010479916227732477551626e+00  5.500000000000000331332184e-04  9.037242595500949438047655e-01  2.010523014026026178413531e+00  2.050247769113919371619659e+00  7.500000000000000156125113e-04  4.729631992658180017485847e+00  2.050371082354918161883006e+00  2.159335926409084501637059e-03  9.499999999999999980918042e-04  9.847764800243288263459362e-01  4.269221364115116656989812e-02  1.866682633504456942374894e-03  1.149999999999999980571097e-03  2.483503952972170303326038e+00  8.907126589378372427674435e-01  

0.00382.411907348233687464755803e+00  3.499999999999999964438169e-04  3.141623755741008716668716e-01  2.411974554719101604405296e+00  2.010479916227732477551626e+00  5.500000000000000331332184e-04  9.037242595500949438047655e-01  2.010523014026026178413531e+00  2.050247769113919371619659e+00  7.500000000000000156125113e-04  4.729631992658180017485847e+00  2.050371082354918161883006e+00  2.159335926409084501637059e-03  9.499999999999999980918042e-04  9.847764800243288263459362e-01  4.269221364115116656989812e-02  1.866682633504456942374894e-03  1.149999999999999980571097e-03  2.483503952972170303326038e+00  8.907126589378372427674435e-01  

0.00392.411907348233687464755803e+00  3.499999999999999964438169e-04  3.141623755741008716668716e-01  2.411974554719101604405296e+00  2.010479916227732477551626e+00  5.500000000000000331332184e-04  9.037242595500949438047655e-01  2.010523014026026178413531e+00  2.050247769113919371619659e+00  7.500000000000000156125113e-04  4.729631992658180017485847e+00  2.050371082354918161883006e+00  2.159335926409084501637059e-03  9.499999999999999980918042e-04  9.847764800243288263459362e-01  4.269221364115116656989812e-02  1.866682633504456942374894e-03  1.149999999999999980571097e-03  2.483503952972170303326038e+00  8.907126589378372427674435e-01  

0.0042.411907348233687464755803e+00  3.499999999999999964438169e-04  3.141623755741008716668716e-01  2.411974554719101604405296e+00  2.010479916227732477551626e+00  5.500000000000000331332184e-04  9.037242595500949438047655e-01  2.010523014026026178413531e+00  2.050247769113919371619659e+00  7.500000000000000156125113e-04  4.729631992658180017485847e+00  2.050371082354918161883006e+00  2.159335926409084501637059e-03  9.499999999999999980918042e-04  9.847764800243288263459362e-01  4.269221364115116656989812e-02  1.866682633504456942374894e-03  1.149999999999999980571097e-03  2.483503952972170303326038e+00  8.907126589378372427674435e-01  

0.00412.411907348233687464755803e+00  3.499999999999999964438169e-04  3.141623755741008716668716e-01  2.411974554719101604405296e+00  2.010479916227732477551626e+00  5.500000000000000331332184e-04  9.037242595500949438047655e-01  2.010523014026026178413531e+00  2.050247769113919371619659e+00  7.500000000000000156125113e-04  4.729631992658180017485847e+00  2.050371082354918161883006e+00  2.159335926409084501637059e-03  9.499999999999999980918042e-04  9.847764800243288263459362e-01  4.269221364115116656989812e-02  1.866682633504456942374894e-03  1.149999999999999980571097e-03  2.483503952972170303326038e+00  8.907126589378372427674435e-01  

0.00422.411907348233687464755803e+00  3.499999999999999964438169e-04  3.141623755741008716668716e-01  2.411974554719101604405296e+00  2.010479916227732477551626e+00  5.500000000000000331332184e-04  9.037242595500949438047655e-01  2.010523014026026178413531e+00  2.050247769113919371619659e+00  7.500000000000000156125113e-04  4.729631992658180017485847e+00  2.050371082354918161883006e+00  2.159335926409084501637059e-03  9.499999999999999980918042e-04  9.847764800243288263459362e-01  4.269221364115116656989812e-02  1.866682633504456942374894e-03  1.149999999999999980571097e-03  2.483503952972170303326038e+00  8.907126589378372427674435e-01  

0.00432.411907348233687464755803e+00  3.499999999999999964438169e-04  3.141623755741008716668716e-01  2.411974554719101604405296e+00  2.010479916227732477551626e+00  5.500000000000000331332184e-04  9.037242595500949438047655e-01  2.010523014026026178413531e+00  2.050247769113919371619659e+00  7.500000000000000156125113e-04  4.729631992658180017485847e+00  2.050371082354918161883006e+00  2.159335926409084501637059e-03  9.499999999999999980918042e-04  9.847764800243288263459362e-01  4.269221364115116656989812e-02  1.866682633504456942374894e-03  1.149999999999999980571097e-03  2.483503952972170303326038e+00  8.907126589378372427674435e-01  

0.00442.411907348233687464755803e+00  3.499999999999999964438169e-04  3.141623755741008716668716e-01  2.411974554719101604405296e+00  2.010479916227732477551626e+00  5.500000000000000331332184e-04  9.037242595500949438047655e-01  2.010523014026026178413531e+00  2.050247769113919371619659e+00  7.500000000000000156125113e-04  4.729631992658180017485847e+00  2.050371082354918161883006e+00  2.159335926409084501637059e-03  9.499999999999999980918042e-04  9.847764800243288263459362e-01  4.269221364115116656989812e-02  1.866682633504456942374894e-03  1.149999999999999980571097e-03  2.483503952972170303326038e+00  8.907126589378372427674435e-01  

0.00452.411907348233687464755803e+00  3.499999999999999964438169e-04  3.141623755741008716668716e-01  2.411974554719101604405296e+00  2.010479916227732477551626e+00  5.500000000000000331332184e-04  9.037242595500949438047655e-01  2.010523014026026178413531e+00  2.050247769113919371619659e+00  7.500000000000000156125113e-04  4.729631992658180017485847e+00  2.050371082354918161883006e+00  2.159335926409084501637059e-03  9.499999999999999980918042e-04  9.847764800243288263459362e-01  4.269221364115116656989812e-02  1.866682633504456942374894e-03  1.149999999999999980571097e-03  2.483503952972170303326038e+00  8.907126589378372427674435e-01  

0.00462.411907348233687464755803e+00  3.499999999999999964438169e-04  3.141623755741008716668716e-01  2.411974554719101604405296e+00  2.010479916227732477551626e+00  5.500000000000000331332184e-04  9.037242595500949438047655e-01  2.010523014026026178413531e+00  2.050247769113919371619659e+00  7.500000000000000156125113e-04  4.729631992658180017485847e+00  2.050371082354918161883006e+00  2.159335926409084501637059e-03  9.499999999999999980918042e-04  9.847764800243288263459362e-01  4.269221364115116656989812e-02  1.866682633504456942374894e-03  1.149999999999999980571097e-03  2.483503952972170303326038e+00  8.907126589378372427674435e-01  

0.00472.411907348233687464755803e+00  3.499999999999999964438169e-04  3.141623755741008716668716e-01  2.411974554719101604405296e+00  2.010479916227732477551626e+00  5.500000000000000331332184e-04  9.037242595500949438047655e-01  2.010523014026026178413531e+00  2.050247769113919371619659e+00  7.500000000000000156125113e-04  4.729631992658180017485847e+00  2.050371082354918161883006e+00  2.159335926409084501637059e-03  9.499999999999999980918042e-04  9.847764800243288263459362e-01  4.269221364115116656989812e-02  1.866682633504456942374894e-03  1.149999999999999980571097e-03  2.483503952972170303326038e+00  8.907126589378372427674435e-01  

0.00482.411907348233687464755803e+00  3.499999999999999964438169e-04  3.141623755741008716668716e-01  2.411974554719101604405296e+00  2.010479916227732477551626e+00  5.500000000000000331332184e-04  9.037242595500949438047655e-01  2.010523014026026178413531e+00  2.050247769113919371619659e+00  7.500000000000000156125113e-04  4.729631992658180017485847e+00  2.050371082354918161883006e+00  2.159335926409084501637059e-03  9.499999999999999980918042e-04  9.847764800243288263459362e-01  4.269221364115116656989812e-02  1.866682633504456942374894e-03  1.149999999999999980571097e-03  2.483503952972170303326038e+00  8.907126589378372427674435e-01  

0.00492.411907348233687464755803e+00  3.499999999999999964438169e-04  3.141623755741008716668716e-01  2.411974554719101604405296e+00  2.010479916227732477551626e+00  5.500000000000000331332184e-04  9.037242595500949438047655e-01  2.010523014026026178413531e+00  2.050247769113919371619659e+00  7.500000000000000156125113e-04  4.729631992658180017485847e+00  2.050371082354918161883006e+00  2.159335926409084501637059e-03  9.499999999999999980918042e-04  9.847764800243288263459362e-01  4.269221364115116656989812e-02  1.866682633504456942374894e-03  1.149999999999999980571097e-03  2.483503952972170303326038e+00  8.907126589378372427674435e-01  

